[HIGHLIGHTING]
zoom=16
PointLon_0=-86.6982909257202
PointLat_0=30.4352554613831
PointLon_1=-86.6787215287475
PointLat_1=30.4352554613831
PointLon_2=-86.6787215287475
PointLat_2=30.4070190774341
PointLon_3=-86.6982909257202
PointLat_3=30.4070190774341

