[localxy]
posBR_X=1089.22770677
posBR_Y=1822.54527656
posUL_X=-0.000293230637908
posUL_Y=0.000276562292129

[meta]
cornLR_X=-9650120.479
cornLR_Y=3557799.103
cornUL_X=-9651209.707
cornUL_Y=3559621.648
originLat=30.435256860702
originLon=-86.698291897774
originX=-9651209.706706769764423
originY=3559621.648276562336832
pathRelative=%s/%s_%s_1-1.tif
