[localxy]
posBR_X=1089.22770677
posBR_Y=3645.09127656
posUL_X=-0.000293230637908
posUL_Y=1822.54527656

[meta]
cornLR_X=-9650120.479
cornLR_Y=3555976.557
cornUL_X=-9651209.707
cornUL_Y=3557799.103
originLat=30.421139690307
originLon=-86.698291897774
originX=-9651209.706706769764423
originY=3557799.102883387822658
pathRelative=%s/%s_%s_1-2.tif
