[localxy]
posBR_X=2178.45570677
posBR_Y=1822.54527656
posUL_X=1089.22770677
posUL_Y=0.000276562292129

[meta]
cornLR_X=-9649031.251
cornLR_Y=3557799.103
cornUL_X=-9650120.479
cornUL_Y=3559621.648
originLat=30.435256860702
originLon=-86.688507199287
originX=-9650120.479053705930710
originY=3559621.648276562336832
pathRelative=%s/%s_%s_2-1.tif
