[localxy]
posBR_X=2178.45570677
posBR_Y=3645.09127656
posUL_X=1089.22770677
posUL_Y=1822.54527656

[meta]
cornLR_X=-9649031.251
cornLR_Y=3555976.557
cornUL_X=-9650120.479
cornUL_Y=3557799.103
originLat=30.421139690307
originLon=-86.688507199287
originX=-9650120.479053705930710
originY=3557799.102883387822658
pathRelative=%s/%s_%s_2-2.tif
